#!/bin/bash
jobid=0
for ppt in 00101	00102	00103	00201	00202	00203	00301	00302	00303	00401	00402	00403	00501	00502	00503	00601	00602	00603	00701	00702	00703	00801	00802	00803	00901	00902	00903	01001	01002	01003	0011	01102	01103	01201	01202	01203	01301	01302	01303	01401	01403	01501	01502	01601	01602	01603	01901	01902	01903	02101	02102	02103	0022	02202	02203	0023	02302	02303	0035	03502	03503	0036	03602	0037	03702	03703	0038	03802	03803	0040	04002	04003	0041	04102	04103	0042	04202	04203	0043	04302	04303

do  #list of participant IDs


sed -e "s/PARTICIPANTID/$ppt/g" </storage/shared/research/cinn/2018/GABAVB/NicoScripts/MT_DF_template> /storage/shared/research/cinn/2018/GABAVB/NicoScripts/MT_DF_template_$jobid
$((++jobid))
done
#python /storage/gold/cinn/2013/neuroade/Thalamus/Anat-Diff-Jobscript_$ppt.py
#rm /storage/gold/cinn/2013/neuroade/Thalamus/Anat-Diff-Jobscript_$ppt.py

